    os.system('cls' if os.name == 'nt' else 'clear')
    si()
    print(f"""
                          
                     \x1b[1;36m ╦  ╦╦╔═╗
                      \x1b[1;36m╚╗╔╝║╠═╝
                      \x1b[1;36m ╚╝ ╩╩ @Layer7 methods vip
                  
             \x1b[38;2;243;12;255m╚╦\x1b[38;2;237;18;255m════════════\x1b[38;2;231;24;255m══\x1b[38;2;225;30;255m══\x1b[38;2;219;36;255m══\x1b[38;2;213;42;255m══\x1b[38;2;207;48;255m══\x1b[38;2;201;54;255m═\x1b[38;2;195;60;255m═\x1b[38;2;189;66;255m═\x1b[38;2;183;72;255m═\x1b[38;2;177;78;255m═\x1b[38;2;171;84;255m═\x1b[38;2;165;90;255m═\x1b[38;2;159;96;255m═\x1b[38;2;153;102;255m═\x1b[38;2;147;108;255m═\x1b[38;2;141;114;255m═\x1b[38;2;135;120;255m═\x1b[38;2;129;126;255m═\x1b[38;2;123;132;255m═\x1b[38;2;117;138;255m═\x1b[38;2;111;144;255m═\x1b[38;2;105;150;255m═\x1b[38;2;99;156;255m═\x1b[38;2;93;162;255m═\x1b[38;2;87;168;255m═\x1b[38;2;81;174;255m╦\x1b[38;2;75;180;255m╝
       \x1b[38;2;255;0;255m╔══════\x1b[38;2;255;0;255m╩\x1b[38;2;249;6;255m═══\x1b[38;2;243;12;255m══\x1b[38;2;237;18;255m══\x1b[38;2;231;24;255m══\x1b[38;2;225;30;255m══\x1b[38;2;219;36;255m══\x1b[38;2;213;42;255m══\x1b[38;2;207;48;255m══\x1b[38;2;201;54;255m═\x1b[38;2;195;60;255m═\x1b[38;2;189;66;255m═\x1b[38;2;183;72;255m═\x1b[38;2;177;78;255m═\x1b[38;2;171;84;255m═\x1b[38;2;165;90;255m═\x1b[38;2;159;96;255m═\x1b[38;2;153;102;255m═\x1b[38;2;147;108;255m═\x1b[38;2;141;114;255m═\x1b[38;2;135;120;255m═\x1b[38;2;129;126;255m═\x1b[38;2;123;132;255m═\x1b[38;2;117;138;255m═\x1b[38;2;111;144;255m═\x1b[38;2;105;150;255m═\x1b[38;2;99;156;255m═\x1b[38;2;93;162;255m═\x1b[38;2;87;168;255m═\x1b[38;2;81;174;255m═\x1b[38;2;75;180;255m═\x1b[38;2;69;186;255m═\x1b[38;2;63;192;255m═\x1b[38;2;57;198;255m═\x1b[38;2;51;204;255m╩══════╗
     \x1b[38;2;255;0;255m╔═╩══════\x1b[38;2;255;0;255m═\x1b[38;2;249;6;255m═══\x1b[38;2;243;12;255m══\x1b[38;2;237;18;255m══\x1b[38;2;231;24;255m══\x1b[38;2;225;30;255m══\x1b[38;2;219;36;255m══\x1b[38;2;213;42;255m══\x1b[38;2;207;48;255m══\x1b[38;2;201;54;255m═\x1b[38;2;195;60;255m═\x1b[38;2;189;66;255m═\x1b[38;2;183;72;255m═\x1b[38;2;177;78;255m═\x1b[38;2;171;84;255m═\x1b[38;2;165;90;255m═\x1b[38;2;159;96;255m═\x1b[38;2;153;102;255m═\x1b[38;2;147;108;255m═\x1b[38;2;141;114;255m═\x1b[38;2;135;120;255m═\x1b[38;2;129;126;255m═\x1b[38;2;123;132;255m═\x1b[38;2;117;138;255m═\x1b[38;2;111;144;255m═\x1b[38;2;105;150;255m═\x1b[38;2;99;156;255m═\x1b[38;2;93;162;255m═\x1b[38;2;87;168;255m═\x1b[38;2;81;174;255m═\x1b[38;2;75;180;255m═\x1b[38;2;69;186;255m═\x1b[38;2;63;192;255m═\x1b[38;2;57;198;255m═\x1b[38;2;51;204;255m═══════╩═╗
     \x1b[38;2;255;0;255m║ \033[1;4m\x1b[38;2;255;215;0m[!]\033[0m     \x1b[38;2;249;6;255m╔╗ \033[1;4m\x1b[38;2;255;215;0mHTTP-CAT\033[0m    \x1b[38;2;207;48;255m╔╗ \033[1;4m\x1b[38;2;255;215;0mFROG\033[0m  \x1b[38;2;159;96;255m╔\x1b[38;2;153;102;255m╗ \033[1;4m\x1b[38;2;255;215;0m[!]\033[0m        \x1b[38;2;75;180;255m╔\x1b[38;2;69;186;255m╗ \033[1;4m\x1b[38;2;255;215;0m[!]\033[0m        \x1b[38;2;51;204;255m║
     \x1b[38;2;255;0;255m║ \033[1;4m\x1b[38;2;255;215;0m[!]  \033[0m   \x1b[38;2;249;6;255m║║ \033[1;4m\x1b[38;2;255;215;0mHTTP-BOOT\033[0m   \x1b[38;2;207;48;255m║║ \033[1;4m\x1b[38;2;255;215;0mBRAIN\033[0m \x1b[38;2;159;96;255m║\x1b[38;2;153;102;255m║ \033[1;4m\x1b[38;2;255;215;0m[!]       \033[0m \x1b[38;2;75;180;255m║\x1b[38;2;69;186;255m║ \033[1;4m\x1b[38;2;255;215;0m[!]        \033[0m\x1b[38;2;51;204;255m║
     \x1b[38;2;255;0;255m║ \033[1;4m\x1b[38;2;255;215;0m[!]  \033[0m   \x1b[38;2;249;6;255m║║ \033[1;4m\x1b[38;2;255;215;0mHTTP-SEMI  \033[0m \x1b[38;2;207;48;255m║║ \033[1;4m\x1b[38;2;255;215;0mTLSV1\033[0m \x1b[38;2;159;96;255m║\x1b[38;2;153;102;255m║ \033[1;4m\x1b[38;2;255;215;0m[!]      \033[0m  \x1b[38;2;75;180;255m║\x1b[38;2;69;186;255m║ \033[1;4m\x1b[38;2;255;215;0m[!]       \033[0m \x1b[38;2;51;204;255m║
     \x1b[38;2;255;0;255m╚════════\x1b[38;2;255;0;255m═\x1b[38;2;249;6;255m╝╚═\x1b[38;2;243;12;255m══\x1b[38;2;237;18;255m══\x1b[38;2;231;24;255m══\x1b[38;2;225;30;255m══\x1b[38;2;219;36;255m══\x1b[38;2;213;42;255m══\x1b[38;2;207;48;255m╝╚\x1b[38;2;201;54;255m═\x1b[38;2;195;60;255m═\x1b[38;2;189;66;255m═\x1b[38;2;183;72;255m═\x1b[38;2;177;78;255m═\x1b[38;2;171;84;255m═\x1b[38;2;165;90;255m═\x1b[38;2;159;96;255m╝\x1b[38;2;153;102;255m╚\x1b[38;2;147;108;255m═\x1b[38;2;141;114;255m═\x1b[38;2;135;120;255m═\x1b[38;2;129;126;255m═\x1b[38;2;123;132;255m═\x1b[38;2;117;138;255m═\x1b[38;2;111;144;255m═\x1b[38;2;105;150;255m═\x1b[38;2;99;156;255m═\x1b[38;2;93;162;255m═\x1b[38;2;87;168;255m═\x1b[38;2;81;174;255m═\x1b[38;2;75;180;255m╝\x1b[38;2;69;186;255m╚\x1b[38;2;63;192;255m═\x1b[38;2;57;198;255m═\x1b[38;2;51;204;255m═════════╝
""")



    os.system('cls' if os.name == 'nt' else 'clear')
    si()
    print(f"""
                          
                     \x1b[1;36m ╦  ╦╦╔═╗
                      \x1b[1;36m╚╗╔╝║╠═╝
                      \x1b[1;36m ╚╝ ╩╩ @Layer7 methods vip
                  
             \x1b[38;2;243;12;255m╚╦\x1b[38;2;237;18;255m════════════\x1b[38;2;231;24;255m══\x1b[38;2;225;30;255m══\x1b[38;2;219;36;255m══\x1b[38;2;213;42;255m══\x1b[38;2;207;48;255m══\x1b[38;2;201;54;255m═\x1b[38;2;195;60;255m═\x1b[38;2;189;66;255m═\x1b[38;2;183;72;255m═\x1b[38;2;177;78;255m═\x1b[38;2;171;84;255m═\x1b[38;2;165;90;255m═\x1b[38;2;159;96;255m═\x1b[38;2;153;102;255m═\x1b[38;2;147;108;255m═\x1b[38;2;141;114;255m═\x1b[38;2;135;120;255m═\x1b[38;2;129;126;255m═\x1b[38;2;123;132;255m═\x1b[38;2;117;138;255m═\x1b[38;2;111;144;255m═\x1b[38;2;105;150;255m═\x1b[38;2;99;156;255m═\x1b[38;2;93;162;255m═\x1b[38;2;87;168;255m═\x1b[38;2;81;174;255m╦\x1b[38;2;75;180;255m╝
       \x1b[38;2;255;0;255m╔══════\x1b[38;2;255;0;255m╩\x1b[38;2;249;6;255m═══\x1b[38;2;243;12;255m══\x1b[38;2;237;18;255m══\x1b[38;2;231;24;255m══\x1b[38;2;225;30;255m══\x1b[38;2;219;36;255m══\x1b[38;2;213;42;255m══\x1b[38;2;207;48;255m══\x1b[38;2;201;54;255m═\x1b[38;2;195;60;255m═\x1b[38;2;189;66;255m═\x1b[38;2;183;72;255m═\x1b[38;2;177;78;255m═\x1b[38;2;171;84;255m═\x1b[38;2;165;90;255m═\x1b[38;2;159;96;255m═\x1b[38;2;153;102;255m═\x1b[38;2;147;108;255m═\x1b[38;2;141;114;255m═\x1b[38;2;135;120;255m═\x1b[38;2;129;126;255m═\x1b[38;2;123;132;255m═\x1b[38;2;117;138;255m═\x1b[38;2;111;144;255m═\x1b[38;2;105;150;255m═\x1b[38;2;99;156;255m═\x1b[38;2;93;162;255m═\x1b[38;2;87;168;255m═\x1b[38;2;81;174;255m═\x1b[38;2;75;180;255m═\x1b[38;2;69;186;255m═\x1b[38;2;63;192;255m═\x1b[38;2;57;198;255m═\x1b[38;2;51;204;255m╩══════╗
     \x1b[38;2;255;0;255m╔═╩══════\x1b[38;2;255;0;255m═\x1b[38;2;249;6;255m═══\x1b[38;2;243;12;255m══\x1b[38;2;237;18;255m══\x1b[38;2;231;24;255m══\x1b[38;2;225;30;255m══\x1b[38;2;219;36;255m══\x1b[38;2;213;42;255m══\x1b[38;2;207;48;255m══\x1b[38;2;201;54;255m═\x1b[38;2;195;60;255m═\x1b[38;2;189;66;255m═\x1b[38;2;183;72;255m═\x1b[38;2;177;78;255m═\x1b[38;2;171;84;255m═\x1b[38;2;165;90;255m═\x1b[38;2;159;96;255m═\x1b[38;2;153;102;255m═\x1b[38;2;147;108;255m═\x1b[38;2;141;114;255m═\x1b[38;2;135;120;255m═\x1b[38;2;129;126;255m═\x1b[38;2;123;132;255m═\x1b[38;2;117;138;255m═\x1b[38;2;111;144;255m═\x1b[38;2;105;150;255m═\x1b[38;2;99;156;255m═\x1b[38;2;93;162;255m═\x1b[38;2;87;168;255m═\x1b[38;2;81;174;255m═\x1b[38;2;75;180;255m═\x1b[38;2;69;186;255m═\x1b[38;2;63;192;255m═\x1b[38;2;57;198;255m═\x1b[38;2;51;204;255m═══════╩═╗
     \x1b[38;2;255;0;255m║ \033[1;4m\x1b[38;2;255;215;0mNFO\033[0m     \x1b[38;2;249;6;255m╔╗ \033[1;4m\x1b[38;2;255;215;0mHTTP-RAW\033[0m    \x1b[38;2;207;48;255m╔╗ \033[1;4m\x1b[38;2;255;215;0mSLOW\033[0m  \x1b[38;2;159;96;255m╔\x1b[38;2;153;102;255m╗ \033[1;4m\x1b[38;2;255;215;0mUAM\033[0m        \x1b[38;2;75;180;255m╔\x1b[38;2;69;186;255m╗ \033[1;4m\x1b[38;2;255;215;0mTLS\033[0m       \x1b[38;2;51;204;255m║
     \x1b[38;2;255;0;255m║ \033[1;4m\x1b[38;2;255;215;0mDSTAT\033[0m   \x1b[38;2;249;6;255m║║ \033[1;4m\x1b[38;2;255;215;0mHTTP-RAND\033[0m   \x1b[38;2;207;48;255m║║ \033[1;4m\x1b[38;2;255;215;0mHYPER\033[0m \x1b[38;2;159;96;255m║\x1b[38;2;153;102;255m║ \033[1;4m\x1b[38;2;255;215;0mHTTPBYPASS\033[0m \x1b[38;2;75;180;255m║\x1b[38;2;69;186;255m║ \033[1;4m\x1b[38;2;255;215;0mCLOUDFLARE\033[0m\x1b[38;2;51;204;255m║
     \x1b[38;2;255;0;255m║ \033[1;4m\x1b[38;2;255;215;0mFIVEM\033[0m   \x1b[38;2;249;6;255m║║ \033[1;4m\x1b[38;2;255;215;0mHTTP-SOCKET\033[0m \x1b[38;2;207;48;255m║║ \033[1;4m\x1b[38;2;255;215;0mCRASH\033[0m \x1b[38;2;159;96;255m║\x1b[38;2;153;102;255m║ \033[1;4m\x1b[38;2;255;215;0mHTTP-MIX \033[0m  \x1b[38;2;75;180;255m║\x1b[38;2;69;186;255m║ \033[1;4m\x1b[38;2;255;215;0mCF-BYPASS\033[0m \x1b[38;2;51;204;255m║
     \x1b[38;2;255;0;255m╚════════\x1b[38;2;255;0;255m═\x1b[38;2;249;6;255m╝╚═\x1b[38;2;243;12;255m══\x1b[38;2;237;18;255m══\x1b[38;2;231;24;255m══\x1b[38;2;225;30;255m══\x1b[38;2;219;36;255m══\x1b[38;2;213;42;255m══\x1b[38;2;207;48;255m╝╚\x1b[38;2;201;54;255m═\x1b[38;2;195;60;255m═\x1b[38;2;189;66;255m═\x1b[38;2;183;72;255m═\x1b[38;2;177;78;255m═\x1b[38;2;171;84;255m═\x1b[38;2;165;90;255m═\x1b[38;2;159;96;255m╝\x1b[38;2;153;102;255m╚\x1b[38;2;147;108;255m═\x1b[38;2;141;114;255m═\x1b[38;2;135;120;255m═\x1b[38;2;129;126;255m═\x1b[38;2;123;132;255m═\x1b[38;2;117;138;255m═\x1b[38;2;111;144;255m═\x1b[38;2;105;150;255m═\x1b[38;2;99;156;255m═\x1b[38;2;93;162;255m═\x1b[38;2;87;168;255m═\x1b[38;2;81;174;255m═\x1b[38;2;75;180;255m╝\x1b[38;2;69;186;255m╚\x1b[38;2;63;192;255m═\x1b[38;2;57;198;255m═\x1b[38;2;51;204;255m═════════╝
""")